1.788805524826049709e+00
1.773627330017089943e+00
1.774762165641784684e+00
1.774614448738098149e+00
1.774054144287109391e+00
1.774919647598266703e+00
1.773935861968994221e+00
1.774174506187438993e+00
1.773205402755737348e+00
1.773869650650024443e+00
1.772663460540771396e+00
1.772707798385620093e+00
1.773440171051025471e+00
1.773242392539978063e+00
1.773430606269836396e+00
1.773845221519470217e+00
1.773023575019836429e+00
1.772834864425659074e+00
1.773388581657409757e+00
1.773622216796874929e+00
1.774174783515930276e+00
1.773325956344604437e+00
1.773395280838012678e+00
1.773746986961364680e+00
1.773103839874267562e+00
1.773273296737670979e+00
1.772909211921691819e+00
1.771750537109374912e+00
1.772655376052856502e+00
1.773506640434265202e+00
1.774619943428039637e+00
1.773292221260070800e+00
1.773133050727844218e+00
1.772489091300964326e+00
1.773532769966125411e+00
1.773467334747314439e+00
1.772660755729675186e+00
1.773690516090393077e+00
1.773331959533691382e+00
1.773854985427856468e+00
1.773845706176757853e+00
1.774502421188354440e+00
1.773497622299194276e+00
1.774101810836792081e+00
1.774207980728149447e+00
1.773891813850402732e+00
1.774080451393127422e+00
1.774294033050537012e+00
1.773641065025329588e+00
1.773441991996765221e+00
1.773630053329467771e+00
1.774651023292541430e+00
1.773874617767333906e+00
1.774667482566833598e+00
1.773658341026306262e+00
1.774167935562133813e+00
1.774569562339782802e+00
1.773655368614196703e+00
1.774559307098388716e+00
1.774314877319336015e+00
1.774263751411437884e+00
1.773326900672912654e+00
1.773962297058105486e+00
1.773959065628051723e+00
1.774869534111022995e+00
1.774525136756897048e+00
1.773696422195434552e+00
1.773249394989013572e+00
1.774209665870666530e+00
1.774687752914428707e+00
1.773937235450744554e+00
1.773521658515930133e+00
1.774277778434753428e+00
1.773910272979736247e+00
1.774359700202941870e+00
1.774723560905456576e+00
1.773578715896606539e+00
1.774324071121215818e+00
1.774613636016845630e+00
1.774146821594238199e+00
1.774599356269836337e+00
1.775010123634338299e+00
1.774144789314270110e+00
1.773763342094421436e+00
1.773803681373596230e+00
1.775333263587951738e+00
1.775557122039794988e+00
1.775355866813659755e+00
1.773391512680053683e+00
1.773866888236999451e+00
1.774483391380309971e+00
1.774070547866821279e+00
1.774157633972167858e+00
1.773969838333129934e+00
1.773651427841186567e+00
1.773901925468444718e+00
1.774730097961425779e+00
1.774054251480102540e+00
1.774573091697692950e+00
1.774951371383667098e+00
