7.233665652465820983e+01
7.177074217529296618e+01
7.165901158447265118e+01
7.159794692382811832e+01
7.156450997314452422e+01
7.155133952026366728e+01
7.151736223144531834e+01
7.150364389038085733e+01
7.149529599609374486e+01
7.149101040039062127e+01
7.148234755249023920e+01
7.147622967529297000e+01
7.145984090576172321e+01
7.145593961791992399e+01
7.145359121704100858e+01
7.144423693847656409e+01
7.143050621948242451e+01
7.143927132568359184e+01
7.143937968749999357e+01
7.144855252075196006e+01
7.142935644531249295e+01
7.142224762573242458e+01
7.142034746704101167e+01
7.142273838500976524e+01
7.141814393920898851e+01
7.140357290039062832e+01
7.141727343750000045e+01
7.140783756713867092e+01
7.140685945434570669e+01
7.141057949829101403e+01
7.140504679565430024e+01
7.140945772705077843e+01
7.139740848999024081e+01
7.139240640258789483e+01
7.139991054687500593e+01
7.139191091918945631e+01
7.139087731933594227e+01
7.139211784667968175e+01
7.138587262573241787e+01
7.139273615722656530e+01
7.137563494262695940e+01
7.138199207153320458e+01
7.138202296142577552e+01
7.137603513183593407e+01
7.137959583740234848e+01
7.137894993896483697e+01
7.137350289916992097e+01
7.138031239624022817e+01
7.137267265014648387e+01
7.136948048706054237e+01
7.137632528076171923e+01
7.136778861083983827e+01
7.136294893188475896e+01
7.136266110229492199e+01
7.137152352905273744e+01
7.137132058105468957e+01
7.136240500488281668e+01
7.135602963256836517e+01
7.136452811889648729e+01
7.135632235717773142e+01
7.136593886718749502e+01
7.135971793823242137e+01
7.135861148681640032e+01
7.135600475463867554e+01
7.135322162475586083e+01
7.135813482055664281e+01
7.134445720214843334e+01
7.135433081054686966e+01
7.134922556152343986e+01
7.135855901489257747e+01
7.135006365966796693e+01
7.135920379638672273e+01
7.135644411010741806e+01
7.135451688842773876e+01
7.135311259155272978e+01
7.134603748779296950e+01
7.135270442504882737e+01
7.133927570800781837e+01
7.135205905151367745e+01
7.134761145019531625e+01
7.134792217407226644e+01
7.134284348754883354e+01
7.134682695312500300e+01
7.135160964965820085e+01
7.134420516357421604e+01
7.135343560791015705e+01
7.135175892944336340e+01
7.133776878662109766e+01
7.134938048706054303e+01
7.134121646118164506e+01
7.134101926269531191e+01
7.134427465820311909e+01
7.133875515747070040e+01
7.134279968261718352e+01
7.134442587890625020e+01
7.134939515380858666e+01
7.134599334106445667e+01
7.134724413452148895e+01
7.133926997680663362e+01
7.134339481811522887e+01
