7.412546199340820863e+01
7.354436955566406198e+01
7.343377380371093466e+01
7.337256126098633047e+01
7.333856417846679676e+01
7.332625919799804137e+01
7.329129813842773444e+01
7.327781833496094066e+01
7.326850149536133472e+01
7.326487998657226797e+01
7.325501101684569960e+01
7.324893754272460455e+01
7.323328098144531850e+01
7.322918200073242190e+01
7.322702177124023137e+01
7.321808218994141271e+01
7.320352981567383210e+01
7.321210607910155943e+01
7.321276824951172557e+01
7.322217477416992892e+01
7.320353127441406116e+01
7.319557343139648253e+01
7.319374280395507526e+01
7.319648530273437359e+01
7.319124770507812627e+01
7.317684616088867244e+01
7.319018258056640036e+01
7.317958815307616760e+01
7.317951483764647946e+01
7.318408606567382435e+01
7.317966675415038935e+01
7.318274990234374400e+01
7.317054144287109807e+01
7.316489553222656639e+01
7.317344330444335299e+01
7.316537825927734673e+01
7.316353809204100855e+01
7.316580844116211324e+01
7.315920463867188062e+01
7.316659110717773729e+01
7.314948068847655804e+01
7.315649447021483809e+01
7.315552055664062436e+01
7.315013698730469116e+01
7.315380374755859805e+01
7.315284181518555329e+01
7.314758336181640175e+01
7.315460639648436825e+01
7.314631367187500643e+01
7.314292250976562570e+01
7.314995540771484173e+01
7.314243953857422298e+01
7.313682349243164538e+01
7.313732863159179942e+01
7.314518179931640418e+01
7.314548845214844164e+01
7.313697445068359571e+01
7.312968495483399067e+01
7.313908732299805138e+01
7.313063710327148215e+01
7.314020266723632346e+01
7.313304485473632610e+01
7.313257369995116619e+01
7.312996381835937143e+01
7.312809115600586551e+01
7.313266007080078168e+01
7.311815358886718741e+01
7.312758024902343834e+01
7.312343529052733970e+01
7.313324677734374291e+01
7.312400095825195478e+01
7.313272548828125252e+01
7.313072184448242297e+01
7.312842716064453441e+01
7.312747227172852149e+01
7.312076107177733775e+01
7.312628316650391014e+01
7.311359978027343232e+01
7.312667261962890564e+01
7.312175822753906118e+01
7.312252157592773472e+01
7.311785363769531898e+01
7.312097181396484302e+01
7.312537287597656643e+01
7.311800876464843668e+01
7.312876890258789331e+01
7.312731616210938057e+01
7.311312462768555065e+01
7.312277200317382153e+01
7.311508328247070665e+01
7.311550270996093559e+01
7.311834522705078143e+01
7.311291286621093377e+01
7.311676946411132860e+01
7.311807725830078653e+01
7.312329715576171907e+01
7.312072343139648467e+01
7.312129832763672255e+01
7.311384307250976633e+01
7.311834628906250089e+01
